100|101|2|16|1|3|5d606f7802|1|1516323596029
100|101|2|16|1|3|5d616f9902|1|1516323597007
100|101|2|16|1|3|5d606f7802|1|1516323596029
100|101|2|16|1|3|5d616f9902|1|1516323597007
100|101|2|16|1|3|5d606f7802|1|1516323596029
100|101|2|16|1|3|5d616f9902|1|1516323597007
100|101|2|16|1|3|5d616f9902|1|1516323597007
100|101|2|16|1|3|5d606f7802|1|1516323596029
100|101|2|16|1|3|5d616f9902|1|1516323597007
100|101|2|16|1|3|5d606f7802|1|1516323596029
100|101|2|16|1|3|5d616f9902|1|1516323597007
100|101|2|16|1|3|5d606f7802|1|1516323596029
100|101|2|16|1|3|5d616f9902|1|1516323597007
100|101|2|16|1|3|5d616f9902|1|1516323597007
100|101|2|16|1|3|5d616f9902|1|1516323597007
100|101|2|16|1|3|5d616f9902|1|1516323597007
100|101|2|16|1|3|5d616f9902|1|1516323597007
100|101|2|16|1|3|5d616f9902|1|1516323597007